0101100110100100110101000101010191929292910101919191919222929922829291929922882828829292929292828288282929292928238399220
0101100110100100110101000101010191929292910101919191919222929922829291929922882828829292929292828288282929292928238399220
01011001101001001101010001010101919292929101019191919192229299228292919299228828288292929292928282882829292929282383992200101100110100100110101000101010191929292910101919191919222929922829291929922882828829292929292828288282929292928238399220010110011010010011010100010101019192929291010191919191922292992282929192992288282882929292929282828828292929292823839922001011001101001001101010001010101919292929101019191919192229299228292919299228828288292929292928282882829292929282383992200101100110100100110101000101010191929292910101919191919222929922829291929922882828829292929292828288282929292928238399220010110011010010011010100010101019192929291010191919191922292992282929192992288282882929292929282828828292929292823839922001011001101001001101010001010101919292929101019191919192229299228292919299228828288292929292928282882829292929282383992200101100110100100110101000101010191929292910101919191919222929922829291929922882828829292929292828288282929292928238399220
0101100110100100110101000101010191929292910101919191919222929922829291929922882828829292929292828288282929292928238399220
0101100110100100110101000101010191929292910101919191919222929922829291929922882828829292929292828288282929292928238399220
0101100110100100110101000101010191929292910101919191919222929922829291929922882828829292929292828288282929292928238399220
0101100110100100110101000101010191929292910101919191919222929922829291929922882828829292929292828288282929292928238399220
0101100110100100110101000101010191929292910101919191919222929922829291929922882828829292929292828288282929292928238399220
0101100110100100110101000101010191929292910101919191919222929922829291929922882828829292929292828288282929292928238399220
0101100110100100110101000101010191929292910101919191919222929922829291929922882828829292929292828288282929292928238399220
01011001101001001101010001010101919292929101019191919192229299228292919299228828288292929292928282882829292929282383992200101100110100100110101000101010191929292910101919191919222929922829291929922882828829292929292828288282929292928238399220010110011010010011010100010101019192929291010191919191922292992282929192992288282882929292929282828828292929292823839922001011001101001001101010001010101919292929101019191919192229299228292919299228828288292929292928282882829292929282383992200101100110100100110101000101010191929292910101919191919222929922829291929922882828829292929292828288282929292928238399220010110011010010011010100010101019192929291010191919191922292992282929192992288282882929292929282828828292929292823839922001011001101001001101010001010101919292929101019191919192229299228292919299228828288292929292928282882829292929282383992200101100110100100110101000101010191929292910101919191919222929922829291929922882828829292929292828288282929292928238399220
0101100110100100110101000101010191929292910101919191919222929922829291929922882828829292929292828288282929292928238399220
0101100110100100110101000101010191929292910101919191919222929922829291929922882828829292929292828288282929292928238399220
0101100110100100110101000101010191929292910101919191919222929922829291929922882828829292929292828288282929292928238399220
0101100110100100110101000101010191929292910101919191919222929922829291929922882828829292929292828288282929292928238399220
0101100110100100110101000101010191929292910101919191919222929922829291929922882828829292929292828288282929292928238399220
0101100110100100110101000101010191929292910101919191919222929922829291929922882828829292929292828288282929292928238399220
01011001101001001101010001010101919292929101019191919192229299228292919299228828288292929292928282882829292929282383992200101100110100100110101000101010191929292910101919191919222929922829291929922882828829292929292828288282929292928238399220010110011010010011010100010101019192929291010191919191922292992282929192992288282882929292929282828828292929292823839922001011001101001001101010001010101919292929101019191919192229299228292919299228828288292929292928282882829292929282383992200101100110100100110101000101010191929292910101919191919222929922829291929922882828829292929292828288282929292928238399220010110011010010011010100010101019192929291010191919191922292992282929192992288282882929292929282828828292929292823839922001011001101001001101010001010101919292929101019191919192229299228292919299228828288292929292928282882829292929282383992200101100110100100110101000101010191929292910101919191919222929922829291929922882828829292929292828288282929292928238399220
0101100110100100110101000101010191929292910101919191919222929922829291929922882828829292929292828288282929292928238399220
0101100110100100110101000101010191929292910101919191919222929922829291929922882828829292929292828288282929292928238399220
0101100110100100110101000101010191929292910101919191919222929922829291929922882828829292929292828288282929292928238399220
0101100110100100110101000101010191929292910101919191919222929922829291929922882828829292929292828288282929292928238399220
0101100110100100110101000101010191929292910101919191919222929922829291929922882828829292929292828288282929292928238399220
0101100110100100110101000101010191929292910101919191919222929922829291929922882828829292929292828288282929292928238399220
01011001101001001101010001010101919292929101019191919192229299228292919299228828288292929292928282882829292929282383992200101100110100100110101000101010191929292910101919191919222929922829291929922882828829292929292828288282929292928238399220010110011010010011010100010101019192929291010191919191922292992282929192992288282882929292929282828828292929292823839922001011001101001001101010001010101919292929101019191919192229299228292919299228828288292929292928282882829292929282383992200101100110100100110101000101010191929292910101919191919222929922829291929922882828829292929292828288282929292928238399220010110011010010011010100010101019192929291010191919191922292992282929192992288282882929292929282828828292929292823839922001011001101001001101010001010101919292929101019191919192229299228292919299228828288292929292928282882829292929282383992200101100110100100110101000101010191929292910101919191919222929922829291929922882828829292929292828288282929292928238399220
0101100110100100110101000101010191929292910101919191919222929922829291929922882828829292929292828288282929292928238399220
0101100110100100110101000101010191929292910101919191919222929922829291929922882828829292929292828288282929292928238399220
0101100110100100110101000101010191929292910101919191919222929922829291929922882828829292929292828288282929292928238399220
0101100110100100110101000101010191929292910101919191919222929922829291929922882828829292929292828288282929292928238399220
0101100110100100110101000101010191929292910101919191919222929922829291929922882828829292929292828288282929292928238399220
0101100110100100110101000101010191929292910101919191919222929922829291929922882828829292929292828288282929292928238399220
01011001101001001101010001010101919292929101019191919192229299228292919299228828288292929292928282882829292929282383992200101100110100100110101000101010191929292910101919191919222929922829291929922882828829292929292828288282929292928238399220010110011010010011010100010101019192929291010191919191922292992282929192992288282882929292929282828828292929292823839922001011001101001001101010001010101919292929101019191919192229299228292919299228828288292929292928282882829292929282383992200101100110100100110101000101010191929292910101919191919222929922829291929922882828829292929292828288282929292928238399220010110011010010011010100010101019192929291010191919191922292992282929192992288282882929292929282828828292929292823839922001011001101001001101010001010101919292929101019191919192229299228292919299228828288292929292928282882829292929282383992200101100110100100110101000101010191929292910101919191919222929922829291929922882828829292929292828288282929292928238399220
0101100110100100110101000101010191929292910101919191919222929922829291929922882828829292929292828288282929292928238399220
0101100110100100110101000101010191929292910101919191919222929922829291929922882828829292929292828288282929292928238399220
0101100110100100110101000101010191929292910101919191919222929922829291929922882828829292929292828288282929292928238399220
0101100110100100110101000101010191929292910101919191919222929922829291929922882828829292929292828288282929292928238399220
